R=2.875;
fai=0.175;
np=4;
J=0.0027;